a=2,b=4;
t=4,.001,8

